             RC            PMF     Correction Corrected_PMF
        0.01803         0.4358   -0.046619353     0.38918065
        0.05803        0.34829   -0.036608217     0.31168178
        0.09803        0.28139   -0.025466708     0.25592329
        0.13803        0.21077   -0.013246683     0.19752332
        0.17803        0.14451            0.0        0.14451
        0.21803        0.09057    0.014221483     0.10479148
        0.25803        0.05999    0.029365908    0.089355908
        0.29803        0.04166    0.045381418    0.087041418
        0.33803        0.02731    0.062216156    0.089526156
        0.37803        0.01272    0.079818262    0.092538262
        0.41803        0.00631     0.09813588     0.10444588
        0.45803            0.0     0.11711715     0.11711715
        0.49803         0.0006     0.13671022     0.13731022
        0.53803        0.02321     0.15686323     0.18007323
        0.57803        0.02976     0.17752431     0.20728431
        0.61803        0.05455     0.19864162     0.25319162
        0.65803        0.09087      0.2201633      0.3110333
        0.69803        0.12401     0.24203748     0.36604748
        0.73803        0.16535     0.26421232     0.42956232
        0.77803        0.19822     0.28663594     0.48485594
        0.81803        0.25027      0.3092565      0.5595265
        0.85803        0.28791     0.33202214     0.61993214
        0.89803        0.33003     0.35488099     0.68491099
        0.93803        0.37978     0.37778121     0.75756121
        0.97803         0.4158     0.40067093     0.81647093
        1.01803        0.46555     0.42349829     0.88904829
        1.05803        0.52607     0.44621145     0.97228145
        1.09803        0.58633     0.46875853      1.0550885
        1.13803        0.64517     0.49108769      1.1362577
        1.17803        0.72701     0.51314706      1.2401571
        1.21803        0.79396     0.53488479      1.3288448
        1.25803        0.86866     0.55624902       1.424909
        1.29803        0.94604     0.57718789      1.5232279
        1.33803        1.02346     0.59764955      1.6211095
        1.37803        1.10097     0.61758213      1.7185521
        1.41803        1.18439     0.63693378      1.8213238
        1.45803        1.27371     0.65565264      1.9293626
        1.49803        1.36235     0.67368686      2.0360369
        1.53803        1.45962     0.69098457      2.1506046
        1.57803        1.56463     0.70749392      2.2721239
        1.61803        1.66527     0.72316304       2.388433
        1.65803        1.78225     0.73797734      2.5202273
        1.69803        1.87705     0.75218898       2.629239
        1.73803        2.00626     0.76616649      2.7724265
        1.77803        2.14054     0.78027887      2.9208189
        1.81803        2.27235     0.79489515      3.0672452
        1.85803        2.40942     0.81038432      3.2198043
        1.89803         2.5746     0.82711541      3.4017154
        1.93803         2.7388      0.8454574      3.5842574
        1.97803        2.88988     0.86577932      3.7556593
        2.01803         3.0458     0.88845017      3.9342502
        2.05803        3.23128     0.91383897       4.145119
        2.09803        3.42619     0.94231471      4.3685047
        2.13803        3.62936     0.97424642      4.6036064
        2.17803         3.8346      1.0100031      4.8446031
        2.21803        4.04922      1.0499537      5.0991737
        2.25803        4.27608      1.0944674      5.3705474
        2.29803        4.52005       1.143913       5.663963
        2.33803        4.78325      1.1986597      5.9819097
        2.37803        5.04665      1.2590763      6.3057263
        2.41803        5.33375       1.325532       6.659282
        2.45803        5.64378      1.3983957      7.0421757
        2.49803        5.95655      1.4780364      7.4345864
        2.53803        6.28039      1.5652724      7.8456624
        2.57803        6.63233      1.6656875      8.2980175
        2.61803        7.00478       1.787736       8.792516
        2.65803        7.37459      1.9399119      9.3145019
        2.69803        7.78863      2.1307092      9.9193392
        2.73803        8.21138      2.3686217      10.580002
        2.77803        8.65253      2.6621435      11.314674
        2.81803        9.06201      3.0197685      12.081779
        2.85803        9.43756      3.4499906      12.887551
        2.89803        9.78162      3.9613038      13.742924
        2.93803        10.0569      4.5622019      14.619102
        2.97803       10.26717      5.2595373      15.526707
        3.01803       10.40557      6.0478524      16.453422
        3.05803         10.451      6.9161023      17.367102
        3.09803       10.41743      7.8532142      18.270644
        3.13803       10.30833      8.8481155      19.156446
        3.17803        10.1194      9.8897334      20.009133
        3.21803          9.865      10.966989      20.831989
        3.25803        9.56243      12.066974      21.629404
        3.29803        9.19542      13.172434      22.367854
        3.33803        8.82357      14.265483      23.089053
        3.37803        8.39293      15.328233      23.721163
        3.41803        7.96317      16.342801      24.305971
        3.45803        7.55266      17.293279      24.845939
        3.49803         7.1812      18.169557      25.350757
        3.53803        6.90258      18.962584      25.865164
        3.57803         6.7307      19.663307      26.394007
        3.61803        6.64082      20.262675      26.903495
        3.65803          6.623      20.751636      27.374636
        3.69803        6.60361      21.123251      27.726861
        3.73803        6.61261      21.380499      27.993109
        3.77803          6.634      21.529267      28.163267
        3.81803        6.63238      21.575444      28.207824
        3.85803        6.64793      21.524915      28.172845
        3.89803        6.67688       21.38357       28.06045
        3.93803          6.718      21.157294      27.875294
        3.97803          6.822      20.851976      27.673976
        4.01803        6.95545      20.473503      27.428953
        4.05803        7.18871      20.027762      27.216472
        4.09803        7.48025      19.520641      27.000891
        4.13803         7.8094      18.958028      26.767428
        4.17803        8.20222      18.346802      26.549022
        4.21803        8.62876      17.696494      26.325254
        4.25803        9.06169      17.017081      26.078771
        4.29803        9.50639      16.318539      25.824929
        4.33803        9.90002      15.610842      25.510862
        4.37803       10.25532      14.903967      25.159287
        4.41803       10.57777      14.207888      24.785658
        4.45803       10.84922      13.532583      24.381803
        4.49803       11.04021      12.888025      23.928235
        4.53803       11.17622      12.284187      23.460407
        4.57803       11.22459      11.728146      22.952736
        4.61803       11.21613      11.219072      22.435202
        4.65803       11.11858        10.7548       21.87338
        4.69803       10.95635      10.333165      21.289515
        4.73803         10.724      9.9520012      20.676001
        4.77803       10.44562      9.6091431      20.054763
        4.81803       10.12247      9.3024252      19.424895
        4.85803         9.7944      9.0297578      18.824158
        4.89803        9.43967       8.789281      18.228951
        4.93803         9.0852      8.5791784      17.664378
        4.97803        8.76826      8.3976333      17.165893
        5.01803        8.46405      8.2428294      16.706879
        5.05803        8.17897      8.1129502       16.29192
        5.09803        7.89309      8.0061793      15.899269
        5.13803         7.6255      7.9207001        15.5462
        5.17803        7.38087      7.8546961      15.235566
        5.21803        7.15823       7.806351      14.964581
        5.25803        6.96644      7.7738482      14.740288
        5.29803        6.76774      7.7553713      14.523111
        5.33803         6.5948      7.7491037      14.343904
        5.37803        6.43528      7.7532291      14.188509
        5.41803        6.27051      7.7659309      14.036441
        5.45803        6.11192      7.7853927      13.897313
        5.49803        5.96755       7.809798      13.777348
        5.53803        5.85687      7.8373303        13.6942
        5.57803        5.74535      7.8661732      13.611523
        5.61803        5.66023      7.8945102       13.55474
        5.65803        5.57349      7.9205247      13.494015
        5.69803        5.49607      7.9424004       13.43847
        5.73803        5.41426      7.9583208      13.372581
        5.77803        5.34397      7.9664694      13.310439
        5.81803        5.27768      7.9650297       13.24271
        5.85803        5.23781      7.9521852      13.189995
        5.89803        5.20884      7.9261195       13.13496
        5.93803        5.17525      7.8850162      13.060266
        5.97803        5.14762      7.8270586      12.974679
        6.01803        5.12019      7.7504304       12.87062
        6.05803        5.09647      7.6533152      12.749785
        6.09803        5.06796      7.5338963      12.601856
        6.13803        5.06022      7.3903574      12.450577
        6.17803        5.05064      7.2208819      12.271522
        6.21803        5.04659      7.0236534      12.070243
        6.25803         5.0531      6.7968555      11.849956
        6.29803        5.05984      6.5386716      11.598512
        6.33803        5.07062      6.2472853      11.317905
        6.37803        5.09179      5.9208802       11.01267
        6.41803        5.09836      5.5576396         10.656
        6.45803        5.06251      5.1557472      10.218257
