             RC            PMF     Correction    CorrectPMF
        -0.3217        1.58888     -1.6304404   -0.041560389
        -0.2217        1.03202      -1.115996   -0.083976006
        -0.1217        0.31065    -0.67812497    -0.36747497
        -0.0217        0.07255    -0.30880154    -0.23625154
         0.0783       -0.20259            0.0       -0.20259
         0.1783       -0.31862     0.25630538    -0.06231462
         0.2783       -0.27848     0.46814033     0.18966033
         0.3783       -0.24018     0.64353057     0.40335057
         0.4783       -0.14979     0.79050184     0.64071184
         0.5783            0.0     0.91707987     0.91707987
         0.6783        0.15038      1.0312904      1.1816704
         0.7783        0.29745      1.1411591      1.4386091
         0.8783        0.49199      1.2547117      1.7467017
         0.9783        0.71921       1.379974       2.099184
         1.0783        0.98674      1.5249717      2.5117117
         1.1783        1.27505      1.6977305      2.9727805
         1.2783        1.64411      1.9062762      3.5503862
         1.3783        2.13626      2.1586344      4.2948944
         1.4783        2.71989       2.462831       5.182721
         1.5783        3.33131      2.8298032      6.1611132
         1.6783        4.02422      3.2959913      7.3202113
         1.7783        4.87285      3.9110359      8.7838859
         1.8783        5.63058      4.7246885      10.355269
         1.9783        6.09641      5.7867006      11.883111
         2.0783        6.08632      7.1468238      13.233144
         2.1783        5.61404      8.8225578      14.436598
         2.2783        4.78656      10.521532      15.308092
         2.3783        3.79856      11.889466      15.688026
         2.4783        3.07359      12.835346      15.908936
         2.5783        2.92902        13.3068       16.23582
         2.6783        3.37772      13.251456      16.629176
         2.7783        4.08918       12.61694       16.70612
         2.8783         4.8133      11.371588      16.184888
         2.9783        5.41008      9.6668131      15.076893
         3.0783        5.68305      7.7495209      13.432571
         3.1783        5.53879      5.8674425      11.406233
         3.2783        5.00473      4.2683093      9.2730393
         3.3783        4.21642      3.1672005      7.3836205
         3.4783        3.34545      2.5496793      5.8951293
         3.5783        2.54633      2.3028833      4.8492133
         3.6783        1.84196      2.3135734      4.1555334
         3.7783        1.25578      2.4685106      3.7242906
         3.8783        0.70823      2.6544558      3.3626858
         3.9783        0.24929      2.7608946      3.0101846
         4.0783        -0.1917      2.7412968      2.5495968
         4.1783       -0.56453      2.6138545      2.0493245
         4.2783       -0.89481      2.3996326      1.5048226
         4.3783       -1.16919      2.1196957     0.95050566
         4.4783       -1.43166      1.7951085     0.36344852
         4.5783       -1.67171      1.4469359    -0.22477409
         4.6783       -1.88386      1.0962426    -0.78761744
         4.7783       -2.07429     0.76409324     -1.3101968
         4.8783       -2.19979     0.47155267     -1.7282373
         4.9783       -2.32331     0.23968559     -2.0836244
         5.0783       -2.41289    0.089556763     -2.3233332
         5.1783       -2.49869    0.042230919     -2.4564591
         5.2783       -2.59295      0.1187728     -2.4741772
         5.3783       -2.70129     0.34024716     -2.3610428
         5.4783       -2.79198     0.72771873     -2.0642613
         5.5783       -2.87603      1.3022523     -1.5737777
