#Bootstrap calculation took   1.1 minutes with   200 samples
#Barrier height:           25.0540269295
#PMF:
#       Npoints              x            PMF         PMF-sd         PMF+sd             sd
#-----------------------------------------------------------------------------------------
             25       -0.18995        1.06558        0.85138        1.27977        0.21419
            455       -0.14995        0.89314        0.81139        0.97489        0.08175
           3834       -0.10995        0.84731        0.81066        0.88397        0.03666
          18800       -0.06995        0.76142        0.72788        0.79496        0.03354
          49758       -0.02995        0.68118        0.64965        0.71271        0.03153
          81623        0.01005        0.55610        0.52580        0.58641        0.03031
          88364        0.05005        0.43384        0.40636        0.46133        0.02749
          83261        0.09005        0.32541        0.29702        0.35380        0.02839
          78189        0.13005        0.29179        0.26258        0.32100        0.02921
          76830        0.17005        0.27834        0.25199        0.30469        0.02635
          76445        0.21005        0.25272        0.22455        0.28090        0.02818
          76335        0.25005        0.22968        0.20494        0.25442        0.02474
          79116        0.29005        0.19578        0.16869        0.22287        0.02709
          79230        0.33005        0.15212        0.12622        0.17801        0.02589
          78336        0.37005        0.10667        0.08066        0.13269        0.02601
          80634        0.41005        0.06113        0.03384        0.08841        0.02728
          80623        0.45005        0.03088        0.00637        0.05539        0.02451
          80315        0.49005        0.01202       -0.01274        0.03679        0.02477
          79998        0.53005        0.00000       -0.02530        0.02530        0.02530
          78647        0.57005        0.01010       -0.01448        0.03468        0.02458
          81695        0.61005        0.00895       -0.01882        0.03671        0.02776
          80983        0.65005        0.01872       -0.00685        0.04429        0.02557
          78963        0.69005        0.04499        0.01894        0.07104        0.02605
          79046        0.73005        0.06862        0.04173        0.09551        0.02689
          79240        0.77005        0.09224        0.06788        0.11660        0.02436
          79045        0.81005        0.12696        0.10092        0.15300        0.02604
          78659        0.85005        0.16575        0.14029        0.19122        0.02546
          81896        0.89005        0.19850        0.17294        0.22405        0.02555
          82197        0.93005        0.24616        0.22159        0.27072        0.02457
          76078        0.97005        0.30589        0.28126        0.33053        0.02463
          74394        1.01005        0.34274        0.31399        0.37149        0.02875
          74638        1.05005        0.39579        0.36890        0.42267        0.02688
          78624        1.09005        0.43969        0.41362        0.46576        0.02607
          80702        1.13005        0.48499        0.45771        0.51227        0.02728
          80664        1.17005        0.53331        0.50865        0.55797        0.02466
          81316        1.21005        0.60327        0.57618        0.63036        0.02709
          81172        1.25005        0.66639        0.63995        0.69283        0.02644
          78879        1.29005        0.73614        0.70914        0.76315        0.02701
          78268        1.33005        0.81631        0.78665        0.84597        0.02966
          77797        1.37005        0.87541        0.84915        0.90168        0.02627
          75324        1.41005        0.93662        0.90812        0.96511        0.02850
          74830        1.45005        1.00212        0.97264        1.03159        0.02947
          77769        1.49005        1.08329        1.05798        1.10861        0.02532
          84545        1.53005        1.14964        1.12384        1.17544        0.02580
          82955        1.57005        1.22090        1.19661        1.24519        0.02429
          78464        1.61005        1.29974        1.27430        1.32519        0.02545
          77228        1.65005        1.39217        1.36526        1.41909        0.02691
          78072        1.69005        1.49363        1.46785        1.51941        0.02578
          78990        1.73005        1.61173        1.58191        1.64154        0.02981
          78352        1.77005        1.72977        1.70196        1.75758        0.02781
          78826        1.81005        1.85297        1.82543        1.88052        0.02755
          78359        1.85005        1.98640        1.95711        2.01568        0.02928
          77718        1.89005        2.11049        2.08463        2.13636        0.02586
          79914        1.93005        2.24863        2.22093        2.27632        0.02770
          80929        1.97005        2.37873        2.35245        2.40501        0.02628
          78321        2.01005        2.51994        2.49220        2.54767        0.02773
          78314        2.05005        2.68241        2.65110        2.71371        0.03130
          78130        2.09005        2.85038        2.82399        2.87678        0.02640
          78759        2.13005        3.01902        2.99215        3.04588        0.02686
          77031        2.17005        3.20142        3.17238        3.23046        0.02904
          77297        2.21005        3.38101        3.35423        3.40779        0.02678
          80650        2.25005        3.57758        3.54777        3.60739        0.02981
          79629        2.29005        3.78859        3.76061        3.81657        0.02798
          79498        2.33005        3.98618        3.95848        4.01388        0.02770
          78078        2.37005        4.21155        4.18312        4.23997        0.02842
          77452        2.41005        4.44365        4.41622        4.47107        0.02743
          78403        2.45005        4.69466        4.66422        4.72511        0.03044
          77870        2.49005        4.95791        4.92822        4.98760        0.02969
          78229        2.53005        5.23780        5.20891        5.26669        0.02889
          79882        2.57005        5.52269        5.49067        5.55472        0.03203
          77877        2.61005        5.82382        5.79422        5.85342        0.02960
          80905        2.65005        6.14761        6.11602        6.17919        0.03159
          81607        2.69005        6.49393        6.46182        6.52603        0.03210
          76704        2.73005        6.86996        6.84017        6.89974        0.02978
          74546        2.77005        7.26823        7.23570        7.30076        0.03253
          75216        2.81005        7.65342        7.62321        7.68362        0.03021
          81680        2.85005        8.04666        8.01492        8.07839        0.03174
          82852        2.89005        8.50416        8.46946        8.53887        0.03470
          81838        2.93005        9.01011        8.97613        9.04409        0.03398
          81204        2.97005        9.60102        9.56203        9.64000        0.03899
          78676        3.01005       10.22175       10.18532       10.25817        0.03642
          78977        3.05005       10.97071       10.93361       11.00781        0.03710
          77230        3.09005       11.81322       11.77395       11.85249        0.03927
          71362        3.13005       12.65094       12.61467       12.68721        0.03627
          73482        3.17005       13.50252       13.46329       13.54175        0.03923
          72136        3.21005       14.34606       14.30845       14.38367        0.03761
          68600        3.25005       15.16481       15.12751       15.20212        0.03731
          71340        3.29005       15.98630       15.94425       16.02836        0.04206
          69194        3.33005       16.77647       16.73491       16.81803        0.04156
          81111        3.37005       17.60617       17.56327       17.64907        0.04290
         114932        3.41005       18.64141       18.59194       18.69089        0.04947
         135594        3.45005       20.04150       19.99952       20.08349        0.04199
         101338        3.49005       21.82860       21.78496       21.87225        0.04365
          49256        3.53005       23.63279       23.59176       23.67382        0.04103
          46502        3.57005       24.70415       24.65800       24.75030        0.04615
          72614        3.61005       25.00485       24.95699       25.05272        0.04787
          90299        3.65005       25.05403       25.00965       25.09841        0.04438
          78501        3.69005       25.01766       24.96518       25.07014        0.05248
          48759        3.73005       24.76789       24.71705       24.81873        0.05084
          37634        3.77005       24.00437       23.95756       24.05118        0.04681
          71985        3.81005       22.38574       22.34160       22.42987        0.04414
         108730        3.85005       20.53493       20.48623       20.58364        0.04871
         111668        3.89005       18.96118       18.91433       19.00804        0.04685
         101447        3.93005       17.88629       17.84200       17.93057        0.04428
          86969        3.97005       17.09221       17.04758       17.13685        0.04463
          76568        4.01005       16.41428       16.37077       16.45779        0.04351
          69214        4.05005       15.72395       15.68398       15.76392        0.03997
          68895        4.09005       15.06121       15.01981       15.10260        0.04140
          71095        4.13005       14.36493       14.32519       14.40468        0.03974
          71521        4.17005       13.65033       13.61205       13.68860        0.03828
          74428        4.21005       12.90689       12.86634       12.94743        0.04054
          72597        4.25005       12.15010       12.11232       12.18789        0.03779
          75220        4.29005       11.39782       11.36157       11.43407        0.03625
          81212        4.33005       10.69949       10.66093       10.73804        0.03856
          82225        4.37005       10.05661       10.02014       10.09307        0.03646
          83764        4.41005        9.50207        9.46518        9.53896        0.03689
          81985        4.45005        9.05028        9.01362        9.08694        0.03666
          78785        4.49005        8.66771        8.63126        8.70417        0.03645
          79559        4.53005        8.30435        8.26764        8.34107        0.03672
          81101        4.57005        7.93638        7.90240        7.97036        0.03398
          80568        4.61005        7.60249        7.56828        7.63671        0.03421
          79113        4.65005        7.30697        7.27364        7.34031        0.03334
          80378        4.69005        7.02536        6.99227        7.05846        0.03310
          80009        4.73005        6.75931        6.72434        6.79428        0.03497
          77080        4.77005        6.49644        6.46311        6.52977        0.03333
          77204        4.81005        6.23390        6.19839        6.26940        0.03550
          76932        4.85005        5.99829        5.96175        6.03482        0.03653
          79563        4.89005        5.76178        5.72748        5.79608        0.03430
          83202        4.93005        5.53283        5.49721        5.56846        0.03562
          79210        4.97005        5.33945        5.30403        5.37487        0.03542
          75193        5.01005        5.16508        5.12725        5.20290        0.03783
          77147        5.05005        4.98385        4.94548        5.02223        0.03838
          79321        5.09005        4.82204        4.78721        4.85687        0.03483
          82178        5.13005        4.66457        4.62746        4.70168        0.03711
          80177        5.17005        4.52475        4.48927        4.56023        0.03548
          76263        5.21005        4.40654        4.36945        4.44364        0.03710
          78041        5.25005        4.27084        4.23206        4.30963        0.03878
          79942        5.29005        4.15170        4.11667        4.18673        0.03503
          80598        5.33005        4.05674        4.02159        4.09189        0.03515
          80505        5.37005        3.95054        3.91536        3.98572        0.03518
          79352        5.41005        3.83922        3.80451        3.87394        0.03471
          78297        5.45005        3.75400        3.71928        3.78871        0.03472
          77912        5.49005        3.69224        3.65815        3.72633        0.03409
          77957        5.53005        3.63753        3.60220        3.67287        0.03534
          77944        5.57005        3.58071        3.54519        3.61623        0.03552
          78571        5.61005        3.52487        3.48949        3.56026        0.03538
          79193        5.65005        3.47145        3.43469        3.50821        0.03676
          77179        5.69005        3.42927        3.39287        3.46567        0.03640
          75326        5.73005        3.39524        3.35881        3.43168        0.03644
          74782        5.77005        3.35605        3.31861        3.39349        0.03744
          78577        5.81005        3.29507        3.25818        3.33197        0.03689
          82169        5.85005        3.25340        3.21502        3.29177        0.03838
          83181        5.89005        3.20073        3.16214        3.23932        0.03859
          80195        5.93005        3.17243        3.13361        3.21125        0.03882
          82014        5.97005        3.15893        3.12149        3.19636        0.03744
          82319        6.01005        3.18704        3.15012        3.22395        0.03691
          72730        6.05005        3.24692        3.20831        3.28554        0.03862
          52268        6.09005        3.27750        3.23880        3.31620        0.03870
          25942        6.13005        3.29161        3.25331        3.32992        0.03831
           8550        6.17005        3.27282        3.22999        3.31565        0.04283
           1832        6.21005        3.21778        3.15658        3.27897        0.06120
            218        6.25005        3.22473        3.10035        3.34910        0.12438
             42        6.29005        2.62127        2.46086        2.78167        0.16041
